37 175 5
55 35 1
15 56 4
136 192 3
49 108 4
126 25 9
100 79 3
48 189 8
125 143 8
181 60 1
199 128 1
131 64 10
134 74 0
147 5 2
76 195 5
98 42 3
60 120 10
196 66 9
116 157 8
111 112 1
109 99 0
42 123 3
70 72 1
128 132 6
197 82 5
110 22 8
129 197 9
172 4 1
47 7 3
31 35 2
189 84 10
55 4 10
89 185 3
24 161 7
12 115 3
190 164 5
169 63 2
141 26 1
54 21 10
17 23 5
158 150 8
158 46 8
27 196 0
140 40 10
89 3 5
25 116 2
60 168 8
144 7 5
144 60 8
32 27 1
173 159 4
189 190 10
88 163 2
124 195 1
62 113 5
38 99 5
42 3 10
9 186 6
39 77 8
189 166 6
1 32 1
155 41 1
176 194 8
114 178 9
129 123 4
29 137 10
159 78 0
187 102 9
197 115 10
166 98 1
7 30 2
34 67 4
127 83 0
52 167 0
192 17 4
13 181 1
27 77 0
193 171 8
143 193 7
20 56 8
79 21 10
42 105 0
17 37 7
148 22 3
92 57 5
132 123 8
6 181 4
54 186 6
128 65 4
65 118 3
22 99 9
115 121 9
187 27 6
151 24 1
142 74 1
137 175 5
128 72 2
187 173 2
108 185 7
127 160 4
30 90 2
191 11 7
121 170 8
87 112 0
148 165 6
185 48 2
46 178 0
70 198 2
165 27 6
33 55 9
51 106 7
77 41 2
101 72 3
195 199 7
103 153 4
153 66 6
127 141 3
91 79 1
23 186 0
169 125 2
10 36 5
137 132 10
182 160 3
186 116 0
65 182 1
94 110 8
69 54 1
153 198 2
197 148 0
123 125 9
148 79 6
56 143 2
144 192 5
3 171 5
146 61 7
21 182 6
115 111 2
105 6 7
40 130 5
106 10 4
113 78 8
147 98 0
163 63 3
39 18 3
161 10 9
196 118 0
155 114 1
20 70 8
16 163 8
38 183 10
34 106 10
112 38 2
48 129 10
86 82 5
70 164 10
32 167 9
75 15 5
128 3 9
68 177 2
62 70 8
118 46 1
106 110 10
170 54 7
165 110 8
66 109 9
7 98 10
186 105 3
14 77 5
7 178 4
190 158 5
4 178 1
177 61 2
177 9 0
179 85 5
160 198 9
112 70 8
156 30 1
88 197 10
126 47 9
161 25 6
178 158 7
174 193 3
11 0 1
59 29 2
29 110 10
2 47 2
138 157 9
80 130 9
13 118 9
0 43 8
74 86 4
192 177 6
164 76 2
187 25 7
103 88 10
107 192 10
113 96 7
121 52 10
117 167 5
80 176 3
195 69 3
65 164 7
199 120 3
11 77 8
81 40 7
76 172 9
65 157 4
111 95 5
57 88 3
27 108 10
90 158 5
187 79 7
106 64 10
137 94 3
179 159 5
64 21 10
110 128 4
159 100 5
67 103 1
106 141 10
66 52 1
170 96 2
102 60 10
109 103 6
183 177 10
118 168 9
64 196 1
97 4 2
63 151 8
109 87 0
162 150 7
192 129 4
53 20 0
188 145 2
186 95 10
104 188 3
162 168 9
84 137 7
1 96 2
46 147 10
150 93 0
138 184 5
102 112 6
130 85 8
87 94 7
72 26 4
154 48 5
93 18 8
185 134 2
16 43 3
44 177 2
130 53 6
147 104 3
102 86 8
155 185 9
179 190 8
178 117 1
168 95 3
194 9 0
142 123 10
198 147 1
101 166 1
136 94 7
126 124 8
161 80 6
155 3 4
98 83 7
54 130 2
93 12 3
137 142 1
71 153 3
96 73 9
150 2 9
84 173 6
140 143 6
62 15 10
49 125 9
124 84 1
112 75 0
148 153 2
147 181 9
30 173 9
91 130 4
87 4 0
113 106 8
37 97 6
113 2 6
100 131 2
124 5 8
50 140 5
184 11 8
84 1 3
92 115 4
7 100 10
170 10 9
125 92 5
178 32 2
165 112 9
5 32 0